#NSGA2
popsize 6
maxGen 10
numVar 3
numObj 2
numCons 2
stateFieldNames	currentGen	evaluateCount	totalTime	firstFrontCount	frontCount	avgEvalTime	
#end


#Generation 1 / 10
currentGen	1
evaluateCount	6
totalTime	0.594648
firstFrontCount	3
frontCount	4
avgEvalTime	0.0916186
#end
Var1	Var2	Var3	Obj1	Obj2	Cons1	Cons2	
9660	9006	1590	0.0101588	81.7594	0	0	
9646	9016	1593	0.0101596	78.29	0	0	
9647	8995	1614	0.0101572	82.7389	0	0	
9661	8991	1587	0.0101585	83.9139	0	0	
9649	8983	1619	0.0101564	85.1292	0	0	
9658	8999	1600	0.0101579	83.0599	0	0	



#Generation 2 / 10
currentGen	2
evaluateCount	12
totalTime	1.25193
firstFrontCount	5
frontCount	2
avgEvalTime	0.0884137
#end
Var1	Var2	Var3	Obj1	Obj2	Cons1	Cons2	
9647	8995	1614	0.0101572	82.7389	0	0	
9649	8983	1619	0.0101564	85.1292	0	0	
9651	9002	1601	0.0101582	81.5794	0	0	
9653	9002	1600	0.0101582	81.8352	0	0	
9655	8995	1620	0.0101565	84.3648	0	0	
9648	8980	1614	0.0101567	85.1128	0	0	



#Generation 3 / 10
currentGen	3
evaluateCount	18
totalTime	1.75602
firstFrontCount	5
frontCount	2
avgEvalTime	0.0829808
#end
Var1	Var2	Var3	Obj1	Obj2	Cons1	Cons2	
9647	8995	1614	0.0101572	82.7389	0	0	
9649	8983	1619	0.0101564	85.1292	0	0	
9655	8995	1620	0.0101565	84.3648	0	0	
9647	9001	1604	0.0101581	81.2717	0	0	
9649	8993	1619	0.0101567	83.647	0	0	
9648	8980	1614	0.0101567	85.1128	0	0	



#Generation 4 / 10
currentGen	4
evaluateCount	24
totalTime	2.26381
firstFrontCount	6
frontCount	1
avgEvalTime	0.0838885
#end
Var1	Var2	Var3	Obj1	Obj2	Cons1	Cons2	
9655	8991	1620	0.0101564	84.9585	0	0	
9647	9001	1604	0.0101581	81.2717	0	0	
9651	9004	1617	0.0101571	82.2166	0	0	
9649	8993	1619	0.0101567	83.647	0	0	
9655	8995	1620	0.0101565	84.3648	0	0	
9649	8992	1620	0.0101566	83.8544	0	0	



#Generation 5 / 10
currentGen	5
evaluateCount	30
totalTime	2.80246
firstFrontCount	6
frontCount	1
avgEvalTime	0.0887263
#end
Var1	Var2	Var3	Obj1	Obj2	Cons1	Cons2	
9646	9001	1604	0.0101582	81.1143	0	0	
9657	8989	1620	0.0101562	85.5739	0	0	
9651	9004	1617	0.0101571	82.2166	0	0	
9648	9006	1616	0.0101574	81.3857	0	0	
9649	8993	1619	0.0101567	83.647	0	0	
9647	9001	1604	0.0101581	81.2717	0	0	



#Generation 6 / 10
currentGen	6
evaluateCount	36
totalTime	3.38792
firstFrontCount	6
frontCount	1
avgEvalTime	0.0828322
#end
Var1	Var2	Var3	Obj1	Obj2	Cons1	Cons2	
9657	8989	1620	0.0101562	85.5739	0	0	
9646	9001	1604	0.0101582	81.1143	0	0	
9650	8992	1620	0.0101566	84.0137	0	0	
9651	9004	1617	0.0101571	82.2166	0	0	
9654	9002	1616	0.010157	82.9313	0	0	
9649	8993	1619	0.0101567	83.647	0	0	



#Generation 7 / 10
currentGen	7
evaluateCount	42
totalTime	3.91067
firstFrontCount	6
frontCount	1
avgEvalTime	0.0864536
#end
Var1	Var2	Var3	Obj1	Obj2	Cons1	Cons2	
9661	8987	1620	0.010156	86.5081	0	0	
9646	9001	1604	0.0101582	81.1143	0	0	
9651	9004	1617	0.0101571	82.2166	0	0	
9657	8989	1620	0.0101562	85.5739	0	0	
9651	8986	1618	0.0101565	84.9429	0	0	
9649	8993	1619	0.0101567	83.647	0	0	



#Generation 8 / 10
currentGen	8
evaluateCount	48
totalTime	4.4212
firstFrontCount	6
frontCount	1
avgEvalTime	0.0844957
#end
Var1	Var2	Var3	Obj1	Obj2	Cons1	Cons2	
9662	8987	1620	0.010156	86.6675	0	0	
9646	9001	1604	0.0101582	81.1143	0	0	
9651	9004	1617	0.0101571	82.2166	0	0	
9649	8993	1619	0.0101567	83.647	0	0	
9651	9004	1608	0.0101578	81.6933	0	0	
9651	8986	1618	0.0101565	84.9429	0	0	



#Generation 9 / 10
currentGen	9
evaluateCount	54
totalTime	4.94939
firstFrontCount	6
frontCount	1
avgEvalTime	0.0873897
#end
Var1	Var2	Var3	Obj1	Obj2	Cons1	Cons2	
9646	9001	1604	0.0101582	81.1143	0	0	
9662	8987	1620	0.010156	86.6675	0	0	
9651	8986	1618	0.0101565	84.9429	0	0	
9649	8993	1619	0.0101567	83.647	0	0	
9651	9004	1617	0.0101571	82.2166	0	0	
9651	9004	1608	0.0101578	81.6933	0	0	



#Generation 10 / 10
currentGen	10
evaluateCount	60
totalTime	5.50285
firstFrontCount	6
frontCount	1
avgEvalTime	0.0916122
#end
Var1	Var2	Var3	Obj1	Obj2	Cons1	Cons2	
9662	8987	1620	0.010156	86.6675	0	0	
9646	9001	1604	0.0101582	81.1143	0	0	
9651	9004	1608	0.0101578	81.6933	0	0	
9651	8984	1618	0.0101564	85.239	0	0	
9649	8993	1619	0.0101567	83.647	0	0	
9651	9004	1617	0.0101571	82.2166	0	0	



